  0.005000   0.000000 
  0.015000   0.000000 
  0.025000   0.000000 
  0.035000   0.000000 
  0.045000   0.000000 
  0.055000   0.000000 
  0.065000   0.000000 
  0.075000   0.000000 
  0.085000   0.000000 
  0.095000   0.000000 
  0.105000   0.000000 
  0.115000   0.000000 
  0.125000   0.000000 
  0.135000   0.000000 
  0.145000   0.000000 
  0.155000   0.000000 
  0.165000   0.000000 
  0.175000   0.000000 
  0.185000   0.000000 
  0.195000   1.000000 
  0.205000   1.000000 
  0.215000   1.000000 
  0.225000   1.000000 
  0.235000   1.000000 
  0.245000   1.000000 
  0.255000   1.000000 
  0.265000   1.000000 
  0.275000   1.000000 
  0.285000   1.000000 
  0.295000   1.000000 
  0.305000   1.000000 
  0.315000   1.000000 
  0.325000   1.000000 
  0.335000   1.000000 
  0.345000   1.000000 
  0.355000   1.000000 
  0.365000   1.000000 
  0.375000   1.000000 
  0.385000   1.000000 
  0.395000   1.000000 
  0.405000   0.000000 
  0.415000   0.000000 
  0.425000   0.000000 
  0.435000   0.000000 
  0.445000   0.000001 
  0.455000   0.000002 
  0.465000   0.000006 
  0.475000   0.000015 
  0.485000   0.000034 
  0.495000   0.000077 
  0.505000   0.000169 
  0.515000   0.000358 
  0.525000   0.000734 
  0.535000   0.001460 
  0.545000   0.002814 
  0.555000   0.005257 
  0.565000   0.009519 
  0.575000   0.016706 
  0.585000   0.028417 
  0.595000   0.046852 
  0.605000   0.074869 
  0.615000   0.115960 
  0.625000   0.174077 
  0.635000   0.253280 
  0.645000   0.357182 
  0.655000   0.488210 
  0.665000   0.646774 
  0.675000   0.830474 
  0.685000   1.033541 
  0.695000   1.246689 
  0.705000   1.457527 
  0.715000   1.651594 
  0.725000   1.813921 
  0.735000   1.930909 
  0.745000   1.992203 
  0.755000   1.992203 
  0.765000   1.930909 
  0.775000   1.813921 
  0.785000   1.651594 
  0.795000   1.457527 
  0.805000   1.246689 
  0.815000   1.033541 
  0.825000   0.830474 
  0.835000   0.646774 
  0.845000   0.488210 
  0.855000   0.357182 
  0.865000   0.253280 
  0.875000   0.174077 
  0.885000   0.115960 
  0.895000   0.074869 
  0.905000   0.046852 
  0.915000   0.028417 
  0.925000   0.016706 
  0.935000   0.009519 
  0.945000   0.005257 
  0.955000   0.002814 
  0.965000   0.001460 
  0.975000   0.000734 
  0.985000   0.000358 
  0.995000   0.000169 
